[0.00000000e+00 4.82871656e-05 9.49413923e-04 6.62621157e-03
 7.70145888e-03 1.48455333e-02 1.34987133e-02 9.91565641e-03
 1.25425886e-02 3.26598138e-02 1.10424541e-01 7.72555992e-02
 8.05150494e-02 8.54210258e-02 7.27266595e-02 2.43215427e-01
 2.37014338e-01 2.36998543e-01 1.16085306e-01 9.63177606e-02
 8.61053839e-02 1.16808675e-02 2.52230652e-02 1.00006096e-01
 1.73996538e-01 3.35017890e-01 1.37219831e-01 1.69329613e-01
 2.40374044e-01 1.98438853e-01 3.39466776e-03 4.72720154e-03
 7.18876068e-03 1.41994618e-02 1.89857334e-02 2.18905974e-02
 1.13459397e-02 2.05985047e-02 3.70191038e-02 4.16955687e-02
 4.06978466e-02 4.08770479e-02 1.09114135e-02 4.53856401e-03
 7.18340417e-03 6.92447368e-03 9.41577367e-03 4.51696385e-03
 1.31126074e-02 1.03153279e-02 1.32451886e-02 1.11431964e-02
 1.39988465e-02 2.05535740e-02 1.37787918e-02 1.05393399e-02
 3.19253355e-01 1.47820354e-01 1.26231527e-02 1.13920327e-02
 8.52245372e-03 2.93977670e-02 1.85460094e-02 1.19269535e-01
 8.19569826e-02 5.98881245e-02 6.02883694e-04 3.33764218e-03
 1.33385761e-02 2.48608701e-02 2.30244100e-02 1.87132731e-02
 1.47250503e-01 7.82415196e-02 3.51681337e-02 5.05656796e-03
 9.14260745e-03 2.85939761e-02 4.02306244e-02 3.80727574e-02
 2.09164664e-01 1.79789960e-01 1.43087327e-01 2.37738043e-01
 2.34644562e-01 2.45837256e-01 2.40380093e-01 2.34683007e-01
 7.73204211e-03 1.51911890e-02 1.15780486e-02 1.76561922e-02
 2.19596201e-03 3.25025804e-03 1.79082062e-02 6.44599125e-02
 2.89143380e-02 2.64447685e-02 3.38317826e-02 1.87798832e-02
 1.55341357e-01 7.39266910e-03 9.17255227e-03 1.79697741e-02
 7.30174652e-04 5.37008396e-04 1.23938068e-03 2.94720996e-02
 2.82716490e-02 3.30222100e-02 6.69882167e-04 8.08030646e-03
 1.64563403e-01 8.17091167e-02 2.67613661e-02 3.05170733e-02
 6.65352464e-01 3.77102315e-01 1.16988882e-01 4.98150177e-02
 2.91373506e-02 4.58638296e-02 1.73303355e-02 5.61943352e-02
 1.42943654e-02 5.11088828e-03 2.87294108e-03 4.11418686e-03
 4.10208153e-03 1.13882055e-03 5.50931646e-03 5.83001785e-03
 3.08874957e-02 2.27982849e-02 3.88818942e-02 3.36882323e-02
 2.39266101e-02 2.07472090e-02 9.74867959e-03 3.32050882e-02
 2.53132526e-02 2.33167727e-02 2.76229605e-02 2.59075500e-02
 2.03546621e-02 1.62655339e-02 3.11653875e-02 2.22268943e-02
 1.13713359e-02 5.20410061e-01 5.19118547e-01 5.13100147e-01
 2.41085305e-03 3.08755203e-03 1.06235733e-02 1.48954550e-02
 2.88211089e-02 4.99173962e-02 3.94237638e-01 4.01038289e-01
 4.00813073e-01 8.13514460e-03 7.40352739e-03 1.07384957e-02
 4.09282837e-03 1.03719132e-02 1.11082504e-02 1.60195172e-01
 1.60709217e-01 1.59105018e-01 3.77843231e-02 2.34657712e-02
 3.05686109e-02 1.22501962e-01 1.18207715e-01 1.12026311e-01
 5.32637060e-01 5.44652402e-01 6.41859472e-01 6.66756213e-01
 6.36571944e-01 9.64296162e-01 5.16005397e-01 1.32685274e-01
 9.11955476e-01 9.71011996e-01 5.54850340e-01 5.50836444e-01
 9.97776926e-01 5.27257740e-01 6.44453943e-01 9.99285221e-01
 9.94125843e-01 9.99162078e-01 9.97476399e-01 5.30124843e-01
 9.89841402e-01 8.62545431e-01 8.62754643e-01 9.97484803e-01
 9.99392033e-01 9.76367772e-01 5.09997845e-01 5.18965721e-02
 5.11807427e-02 9.99437809e-01 9.98951435e-01 9.95068550e-01
 3.05308819e-01 9.98930812e-01 1.49135530e-01 9.97508407e-01
 9.94103551e-01 7.50178039e-01 8.51144314e-01 8.82258773e-01
 6.56321287e-01 4.81595874e-01 6.11264519e-02 5.30119538e-01
 7.74396539e-01 7.56267726e-01 5.88277996e-01 9.86459255e-01
 4.73543674e-01 5.24539411e-01 6.63329780e-01 9.94358718e-01
 6.51167989e-01 9.94705558e-01 7.16119707e-01 9.89432335e-01
 5.24365187e-01 9.99236286e-01 7.53184319e-01 9.94474471e-01
 9.95154262e-01 4.18497801e-01 9.94843304e-01 3.70933831e-01
 9.99197841e-01 9.76507962e-01 2.72598505e-01 9.94047940e-01
 3.48216504e-01 9.95066643e-01 3.91972810e-01 9.94792998e-01
 2.50794619e-01 9.93864417e-01 7.05120623e-01 9.93944287e-01
 4.80956465e-01 9.94403481e-01 2.54920155e-01 9.99396980e-01
 5.23100913e-01 3.42766225e-01 5.86097896e-01 7.55088866e-01
 4.92669016e-01 4.86197770e-01 8.69111955e-01 5.83627224e-01
 7.59766877e-01 7.59629071e-01 9.92883503e-01 7.58708656e-01
 7.63618410e-01 9.58534837e-01 7.11802125e-01 7.01602340e-01
 8.85449588e-01 6.69129670e-01 6.81231678e-01 9.98315990e-01
 9.99629438e-01 9.99727428e-01 9.98608589e-01 9.99180257e-01
 9.98698533e-01 9.98470366e-01 9.98582363e-01 9.99377787e-01
 9.99458373e-01 3.35467964e-01 8.52926254e-01 8.57465088e-01
 8.43407810e-01 8.22085321e-01 8.50643516e-01 8.54752660e-01
 8.62149298e-01 8.56273115e-01 8.57382119e-01 8.56387258e-01
 8.43786597e-01 8.59561801e-01 4.32374537e-01 9.01241779e-01
 9.03931499e-01 8.85214329e-01 8.75165522e-01 1.00000000e+00
 8.97328258e-01 9.99673069e-01 9.04464722e-01 9.03828621e-01
 8.88102591e-01 9.99585032e-01 9.00188982e-01 9.99857366e-01
 9.03184474e-01 8.96742880e-01 9.90823746e-01 9.97768104e-01
 9.88572538e-01 9.97520387e-01 9.99641478e-01 9.98408079e-01
 5.23287714e-01 1.71890914e-01 9.89318252e-01 5.80566704e-01
 9.94064391e-01 9.94582415e-01 5.03443122e-01 5.20882487e-01
 5.08329310e-02 5.83683550e-01 9.99349833e-01 9.87318277e-01
 9.97175455e-01 8.63389730e-01 9.99204040e-01 5.07373691e-01
 3.51011716e-02 9.93704796e-01 4.08581078e-01 5.08161962e-01
 1.47217333e-01 9.92998838e-01 6.14648342e-01 5.80501199e-01
 5.21634936e-01 2.61599958e-01 9.97594357e-01 9.97235537e-01
 6.36726558e-01 5.98348916e-01 9.99593556e-01 9.97601986e-01
 9.99862015e-01 9.99534667e-01 5.11669278e-01 5.31185091e-01
 9.98348236e-01 9.99336183e-01 9.78928566e-01 7.33507156e-01
 7.17245400e-01 7.21363306e-01 6.75767183e-01 7.63658643e-01
 4.77285326e-01 6.98268890e-01 5.19724250e-01 2.50249177e-01
 9.35018718e-01 7.76496828e-01 7.30600178e-01 7.80854642e-01
 9.89980519e-01 9.93758321e-01 8.76352549e-01 5.10722578e-01
 1.62823603e-01 5.18118739e-01 1.58780172e-01 5.21328509e-01
 1.60628974e-01 4.83017832e-01 6.42636716e-02 9.97580707e-01
 9.99992967e-01 9.95273530e-01 9.99638081e-01 9.99686480e-01
 9.97669935e-01 9.89540339e-01 5.23396313e-01 3.86479378e-01
 4.70688760e-01 9.97389257e-01 9.92772102e-01 9.93407667e-01
 9.99772906e-01 9.92598176e-01 9.89255130e-01 9.94091809e-01
 9.93733048e-01 9.92301226e-01 9.92020071e-01 9.91109908e-01
 9.93182719e-01 9.89537060e-01 9.92680371e-01 5.35488009e-01
 9.94226813e-01 9.89563227e-01 9.93784070e-01 9.95254695e-01
 9.95283842e-01 9.89597201e-01 9.93782580e-01 9.93829489e-01
 9.91928399e-01 9.92322683e-01 8.88852596e-01 9.92984951e-01
 9.95090365e-01 9.92279708e-01 9.91791904e-01 9.90919232e-01
 9.93991792e-01 4.79343325e-01 1.96954250e-01 5.30374885e-01
 5.20994842e-01 1.60293564e-01 9.83521700e-01 9.84186113e-01
 5.20505786e-01 2.42484719e-01 5.19059420e-01 9.82022524e-01
 4.80696946e-01 5.48364446e-02 3.66596505e-02 9.83380854e-01
 9.61297572e-01 5.27735293e-01 9.84783530e-01 9.85023022e-01
 9.91302013e-01 9.84575570e-01 9.81507838e-01 9.44037139e-01
 9.47988749e-01 9.75669980e-01 9.77286279e-01 9.49661970e-01
 9.42711294e-01 9.65530157e-01 5.07689834e-01 1.43953308e-01
 9.51895118e-01 8.78041506e-01 8.75712097e-01 5.22724807e-01
 7.81343400e-01 7.67519236e-01 7.64200270e-01 4.92398918e-01
 8.00655782e-01 7.92226911e-01 5.63432574e-01 8.05543303e-01
 8.01849544e-01 6.83483422e-01 7.39747405e-01 7.31593966e-01
 7.34945059e-01 8.05738628e-01 8.21246505e-01 8.20917666e-01
 8.02646637e-01]
